0 26 Pedestrian 0 0 -1.347200 -1.000000 -1.000000 -1.000000 -1.000000 0.625600 0.685600 1.674500 1.109200 35.426200 0.544400 -1.347200 0.302200
0 25 Pedestrian 0 0 1.016600 -1.000000 -1.000000 -1.000000 -1.000000 0.656600 0.703900 1.632500 2.521800 20.691600 0.511100 1.016600 0.310100
0 24 Pedestrian 0 0 -0.865000 -1.000000 -1.000000 -1.000000 -1.000000 0.708500 0.723900 1.622700 31.161300 -1.252000 0.661500 -0.865000 0.321700
0 23 Pedestrian 0 0 -0.328600 -1.000000 -1.000000 -1.000000 -1.000000 0.682800 0.721200 1.713700 29.692600 -38.928300 1.463200 -0.328600 0.346300
0 22 Pedestrian 0 0 1.355800 -1.000000 -1.000000 -1.000000 -1.000000 0.698900 0.717200 1.707700 20.341600 -36.668700 1.570100 1.355800 0.384200
0 21 Pedestrian 0 0 3.119300 -1.000000 -1.000000 -1.000000 -1.000000 0.700800 0.710500 1.714500 -29.214300 22.349700 1.346000 3.119300 0.625000
0 20 Cyclist 0 0 -0.911400 -1.000000 -1.000000 -1.000000 -1.000000 1.762900 0.782100 1.611100 30.980000 -1.261700 0.649100 -0.911400 0.318600
0 19 Cyclist 0 0 -1.304900 -1.000000 -1.000000 -1.000000 -1.000000 1.803500 0.759400 1.530800 6.919600 25.928900 0.395200 -1.304900 0.331400
0 18 Cyclist 0 0 1.532200 -1.000000 -1.000000 -1.000000 -1.000000 1.726600 0.667700 1.168200 -15.794400 16.073900 0.644600 1.532200 0.369800
0 17 Cyclist 0 0 1.591700 -1.000000 -1.000000 -1.000000 -1.000000 1.728700 0.661400 1.185000 -14.536100 16.146800 0.661600 1.591700 0.384900
0 16 Cyclist 0 0 1.506600 -1.000000 -1.000000 -1.000000 -1.000000 1.936400 0.865700 1.603600 10.728600 -7.219100 0.871100 1.506600 0.398100
0 15 Cyclist 0 0 -1.715900 -1.000000 -1.000000 -1.000000 -1.000000 1.757900 0.712300 1.194600 -18.440900 16.163300 0.711300 -1.715900 0.428900
0 14 Cyclist 0 0 -0.946800 -1.000000 -1.000000 -1.000000 -1.000000 1.819400 0.844300 1.613600 29.384400 -1.644900 0.643100 -0.946800 0.484800
0 13 Cyclist 0 0 -0.079400 -1.000000 -1.000000 -1.000000 -1.000000 1.731400 0.736600 1.387500 -20.096400 13.618700 0.796500 -0.079400 0.520700
0 12 Cyclist 0 0 1.514400 -1.000000 -1.000000 -1.000000 -1.000000 1.811800 0.795200 1.563600 8.708600 -25.717200 1.177100 1.514400 0.566200
0 11 Car 0 0 -0.093500 -1.000000 -1.000000 -1.000000 -1.000000 4.625000 1.949500 1.565500 73.019800 4.167700 -0.151400 -0.093500 0.386800
0 10 Car 0 0 -2.055100 -1.000000 -1.000000 -1.000000 -1.000000 4.587600 1.939400 1.593100 68.918200 28.271800 -0.524700 -2.055100 0.388100
0 9 Car 0 0 -0.848300 -1.000000 -1.000000 -1.000000 -1.000000 4.738500 2.011600 1.682900 67.758100 20.748200 -0.404200 -0.848300 0.403700
0 8 Car 0 0 3.136900 -1.000000 -1.000000 -1.000000 -1.000000 4.547000 1.921900 1.591000 65.366100 34.937100 -0.701300 3.136900 0.423500
0 7 Car 0 0 1.242000 -1.000000 -1.000000 -1.000000 -1.000000 4.537600 1.933300 1.804900 66.050700 29.943300 -0.397200 1.242000 0.440600
0 6 Car 0 0 -2.459000 -1.000000 -1.000000 -1.000000 -1.000000 4.661300 2.042200 1.914700 13.100300 16.086900 0.528500 -2.459000 0.480200
0 5 Car 0 0 -3.052500 -1.000000 -1.000000 -1.000000 -1.000000 4.560000 1.936100 1.488100 -24.933400 11.517600 0.973600 -3.052500 0.482700
0 4 Car 0 0 -1.370500 -1.000000 -1.000000 -1.000000 -1.000000 4.581600 1.920400 1.488200 -44.596800 7.905000 1.546100 -1.370500 0.526300
0 3 Car 0 0 3.112500 -1.000000 -1.000000 -1.000000 -1.000000 4.415400 1.833500 1.464600 -31.281700 11.858500 1.083000 3.112500 0.633600
0 2 Car 0 0 1.452000 -1.000000 -1.000000 -1.000000 -1.000000 4.546800 1.911900 1.510900 10.398900 -37.302100 1.556400 1.452000 0.654900
0 1 Car 0 0 -3.110100 -1.000000 -1.000000 -1.000000 -1.000000 4.448100 1.882700 1.453700 -39.508900 12.096700 1.238600 -3.110100 0.655900
