1 27 Car 0 0 -0.999200 -1.000000 -1.000000 -1.000000 -1.000000 4.262700 1.811400 1.575200 75.474800 35.885500 -0.348100 -0.999200 0.336900
1 26 Pedestrian 0 0 -1.347200 -1.000000 -1.000000 -1.000000 -1.000000 0.625600 0.685600 1.674500 1.109200 35.426200 0.544400 -1.347200 0.302200
1 25 Pedestrian 0 0 1.016600 -1.000000 -1.000000 -1.000000 -1.000000 0.656600 0.703900 1.632500 2.521800 20.691600 0.511100 1.016600 0.310100
1 24 Pedestrian 0 0 -0.865000 -1.000000 -1.000000 -1.000000 -1.000000 0.708500 0.723900 1.622700 31.161300 -1.252000 0.661500 -0.865000 0.321700
1 23 Pedestrian 0 0 -0.314300 -1.000000 -1.000000 -1.000000 -1.000000 0.700217 0.726242 1.712325 29.303639 -38.917701 1.453301 -0.315492 0.411400
1 22 Pedestrian 0 0 2.976000 -1.000000 -1.000000 -1.000000 -1.000000 0.660308 0.707758 1.692117 20.222812 -36.573609 1.632794 3.102783 0.355600
1 21 Pedestrian 0 0 3.074400 -1.000000 -1.000000 -1.000000 -1.000000 0.683842 0.706925 1.703500 -29.635158 22.356199 1.328302 3.078142 0.640200
1 20 Cyclist 0 0 -0.951800 -1.000000 -1.000000 -1.000000 -1.000000 1.789850 0.796858 1.572325 30.679930 -0.642462 0.601505 -0.948433 0.415900
1 19 Cyclist 0 0 -1.245800 -1.000000 -1.000000 -1.000000 -1.000000 1.773617 0.729883 1.472133 6.982294 25.868306 0.368803 -1.250725 0.302600
1 18 Cyclist 0 0 1.570000 -1.000000 -1.000000 -1.000000 -1.000000 1.729350 0.662750 1.174708 -15.936086 16.079999 0.627302 1.566850 0.356300
1 17 Cyclist 0 0 1.659100 -1.000000 -1.000000 -1.000000 -1.000000 1.724208 0.653975 1.161167 -14.724081 16.232191 0.610605 1.653483 0.333600
1 16 Cyclist 0 0 1.559600 -1.000000 -1.000000 -1.000000 -1.000000 1.872692 0.826375 1.585450 10.413331 -6.650057 0.912896 1.555183 0.509300
1 15 Cyclist 0 0 -1.637000 -1.000000 -1.000000 -1.000000 -1.000000 1.752767 0.706067 1.211833 -18.463198 16.167300 0.705001 -1.643575 0.466800
1 14 Cyclist 0 0 2.227100 -1.000000 -1.000000 -1.000000 -1.000000 1.886317 0.888942 1.617633 29.113027 -1.206944 0.630701 2.224408 0.408100
1 13 Cyclist 0 0 0.023300 -1.000000 -1.000000 -1.000000 -1.000000 1.684008 0.703600 1.342950 -20.337576 13.633199 0.779202 0.014742 0.481700
1 12 Cyclist 0 0 -1.586800 -1.000000 -1.000000 -1.000000 -1.000000 1.832792 0.815000 1.550583 8.675603 -24.965275 1.089609 -1.590166 0.420800
1 11 Car 0 0 -0.093500 -1.000000 -1.000000 -1.000000 -1.000000 4.625000 1.949500 1.565500 73.019800 4.167700 -0.151400 -0.093500 0.386800
1 10 Car 0 0 -2.048400 -1.000000 -1.000000 -1.000000 -1.000000 4.655983 1.959658 1.588608 68.886603 28.229404 -0.476305 -2.048958 0.335900
1 9 Car 0 0 -0.926400 -1.000000 -1.000000 -1.000000 -1.000000 4.657558 1.972000 1.652008 67.416734 21.205054 -0.449395 -0.919892 0.387200
1 8 Car 0 0 3.075700 -1.000000 -1.000000 -1.000000 -1.000000 4.610983 1.958658 1.604292 65.145222 34.958998 -0.689201 3.080800 0.407600
1 7 Car 0 0 1.263400 -1.000000 -1.000000 -1.000000 -1.000000 4.540717 1.936417 1.797842 65.975508 30.043490 -0.422098 1.261617 0.458400
1 6 Car 0 0 -2.417000 -1.000000 -1.000000 -1.000000 -1.000000 4.661758 2.068692 1.902233 12.291981 15.783630 0.514001 -2.420500 0.490400
1 5 Car 0 0 -3.079900 -1.000000 -1.000000 -1.000000 -1.000000 4.523058 1.916208 1.467383 -25.222371 11.503501 0.960601 -3.077617 0.604900
1 4 Car 0 0 1.804600 -1.000000 -1.000000 -1.000000 -1.000000 4.530817 1.904450 1.485817 -44.709289 8.136877 1.552099 1.801808 0.572000
1 3 Car 0 0 -0.037100 -1.000000 -1.000000 -1.000000 -1.000000 4.421358 1.858983 1.467075 -31.680960 11.911495 1.057203 -0.036433 0.664600
1 2 Car 0 0 1.448700 -1.000000 -1.000000 -1.000000 -1.000000 4.569533 1.911625 1.510167 10.033836 -37.379192 1.561799 1.448975 0.609000
1 1 Car 0 0 -0.001200 -1.000000 -1.000000 -1.000000 -1.000000 4.433250 1.897550 1.445267 -39.749276 12.089001 1.245899 0.001524 0.634800
