2 30 Pedestrian 0 0 0.166600 -1.000000 -1.000000 -1.000000 -1.000000 0.624800 0.697600 1.666800 -14.144100 19.612200 0.858500 0.166600 0.445300
2 29 Cyclist 0 0 -1.499100 -1.000000 -1.000000 -1.000000 -1.000000 1.732400 0.698600 1.351800 -3.302300 18.164500 0.591500 -1.499100 0.369900
2 28 Car 0 0 -3.101900 -1.000000 -1.000000 -1.000000 -1.000000 4.747700 1.974100 1.767600 -78.651100 7.105700 2.283400 -3.101900 0.338800
2 27 Car 0 0 -0.940600 -1.000000 -1.000000 -1.000000 -1.000000 4.386358 1.851642 1.547792 75.105237 35.756813 -0.347100 -0.945483 0.310000
2 23 Pedestrian 0 0 -0.339700 -1.000000 -1.000000 -1.000000 -1.000000 0.741080 0.738437 1.710337 28.966864 -38.809315 1.362179 -0.331400 0.326600
2 22 Pedestrian 0 0 2.491000 -1.000000 -1.000000 -1.000000 -1.000000 0.651431 0.706011 1.679620 20.155867 -36.662879 1.565804 2.700754 0.354500
2 21 Pedestrian 0 0 3.048100 -1.000000 -1.000000 -1.000000 -1.000000 0.689597 0.705857 1.695877 -29.988493 22.378040 1.322366 3.058400 0.607800
2 20 Cyclist 0 0 2.187400 -1.000000 -1.000000 -1.000000 -1.000000 1.773783 0.791694 1.578157 29.984445 -0.394997 0.598420 2.189375 0.377600
2 19 Cyclist 0 0 -1.245800 -1.000000 -1.000000 -1.000000 -1.000000 1.773617 0.729883 1.472133 7.044919 25.807779 0.342434 -1.250725 0.302600
2 18 Cyclist 0 0 1.590100 -1.000000 -1.000000 -1.000000 -1.000000 1.729974 0.683811 1.134880 -16.149599 16.165250 0.640024 1.582129 0.320400
2 17 Cyclist 0 0 1.677900 -1.000000 -1.000000 -1.000000 -1.000000 1.727423 0.683431 1.204166 -14.435109 16.308370 0.699459 1.669529 0.335700
2 16 Cyclist 0 0 1.539700 -1.000000 -1.000000 -1.000000 -1.000000 1.972386 0.891646 1.621034 10.263949 -6.093367 0.881757 1.545009 0.374800
2 15 Cyclist 0 0 1.686900 -1.000000 -1.000000 -1.000000 -1.000000 1.711783 0.697086 1.156414 -18.278727 16.205181 0.663219 1.622140 0.390200
2 14 Cyclist 0 0 2.201600 -1.000000 -1.000000 -1.000000 -1.000000 1.872571 0.850669 1.576869 28.098392 -0.666254 0.618866 2.209420 0.495400
2 13 Cyclist 0 0 -0.254500 -1.000000 -1.000000 -1.000000 -1.000000 1.699971 0.718057 1.360200 -20.630357 13.744732 0.767172 -0.162189 0.501500
2 12 Cyclist 0 0 1.466600 -1.000000 -1.000000 -1.000000 -1.000000 1.834703 0.800543 1.541986 8.431408 -24.331749 1.027800 1.495683 0.492800
2 10 Car 0 0 -2.048400 -1.000000 -1.000000 -1.000000 -1.000000 4.655983 1.959658 1.588608 68.855041 28.187055 -0.427963 -2.048958 0.335900
2 9 Car 0 0 -0.897500 -1.000000 -1.000000 -1.000000 -1.000000 4.685843 1.972394 1.636166 67.294238 21.472417 -0.382882 -0.905177 0.395200
2 8 Car 0 0 0.018900 -1.000000 -1.000000 -1.000000 -1.000000 4.581423 1.949814 1.605677 64.624842 35.204046 -0.665148 -0.008423 0.469900
2 7 Car 0 0 1.334300 -1.000000 -1.000000 -1.000000 -1.000000 4.516194 1.928520 1.751880 65.683652 30.162798 -0.353165 1.309380 0.449400
2 6 Car 0 0 -2.266000 -1.000000 -1.000000 -1.000000 -1.000000 4.720009 2.055094 1.913843 11.619558 15.381690 0.518512 -2.318971 0.420400
2 5 Car 0 0 0.041600 -1.000000 -1.000000 -1.000000 -1.000000 4.487994 1.890706 1.442751 -25.411145 11.540976 0.955224 0.049272 0.610500
2 4 Car 0 0 1.828300 -1.000000 -1.000000 -1.000000 -1.000000 4.565109 1.924263 1.480614 -45.119760 8.037685 1.569770 1.819217 0.613900
2 3 Car 0 0 -3.122300 -1.000000 -1.000000 -1.000000 -1.000000 4.416983 1.862937 1.474977 -31.988131 11.845346 1.038084 -3.141406 0.635800
2 2 Car 0 0 -1.714800 -1.000000 -1.000000 -1.000000 -1.000000 4.573849 1.913646 1.497571 9.782796 -37.246982 1.524565 -1.707195 0.462300
2 1 Car 0 0 -3.123700 -1.000000 -1.000000 -1.000000 -1.000000 4.500574 1.908689 1.481037 -40.054151 11.954433 1.333386 -3.129312 0.526700
